0.002 0.007799777149224308
0.004 0.007799777149224308
0.006000000000000001 0.007799777149224308
0.008 0.007799777149224308
0.01 0.007799777149224308
0.012000000000000002 0.007799777149224308
0.014000000000000002 0.007799777149224308
0.016 0.007799777149224308
0.018000000000000002 0.007799777149224308
0.02 0.007799777149224308
0.022000000000000002 0.007799777149224308
0.024000000000000004 0.007799777149224308
0.026000000000000002 0.007799777149224308
0.028000000000000004 0.007799777149224308
0.03 0.007799777149224308
0.032 0.007799777149224308
0.034 0.007799777149224308
0.036000000000000004 0.007799777149224308
0.038000000000000006 0.007799777149224308
0.04 0.007799777149224308
0.042 0.007799777149224308
0.044000000000000004 0.007799777149224308
0.046000000000000006 0.007799777149224308
0.04800000000000001 0.007799777149224308
0.05 0.007799777149224308
0.052000000000000005 0.007799777149224308
0.054000000000000006 0.007799777149224308
0.05600000000000001 0.007799777149224308
0.05800000000000001 0.007799777149224308
0.06 0.007799777149224308
0.062 0.007799777149224308
0.064 0.007799777149224308
0.066 0.007799777149224308
0.068 0.007799777149224308
0.07 0.007799777149224308
0.07200000000000001 0.007799777149224308
0.07400000000000001 0.007799777149224308
0.07600000000000001 0.007799777149224308
0.07800000000000001 0.007799777149224308
0.08 0.007799777149224308
0.08200000000000002 0.007799777149224308
0.084 0.007799777149224308
0.086 0.007799777149224308
0.08800000000000001 0.007799777149224308
0.09 0.007799777149224308
0.09200000000000001 0.007799777149224308
0.094 0.007799777149224308
0.09600000000000002 0.007799777149224308
0.098 0.007799777149224308
0.1 0.007799777149224308
0.10200000000000001 0.007799777149224308
0.10400000000000001 0.007799777149224308
0.10600000000000001 0.007799777149224308
0.10800000000000001 0.007799777149224308
0.11 0.007799777149224308
0.11200000000000002 0.007799777149224308
0.114 0.010199708579754864
0.11600000000000002 0.01071397960058284
0.11800000000000001 0.010799691437387503
0.12 0.012085368989457444
0.12200000000000001 0.01294248735750407
0.124 0.016199537156081256
0.126 0.023399331447672922
0.128 0.02837061798234336
0.13 0
0.132 0
0.134 0
0.136 0
0.138 0
0.14 0
0.14200000000000002 0
0.14400000000000002 0
0.14600000000000002 0
0.14800000000000002 0
0.15 0
0.02837061798234336