init
0.004 0.7514743049705139
0.008 0.7514743049705139
0.012000000000000002 0.7514743049705139
0.016 0.7514743049705139
0.02 0.7514743049705139
0.024000000000000004 0.7514743049705139
0.028000000000000004 0.7514743049705139
0.032 0.7514743049705139
0.036000000000000004 0.7514743049705139
0.04 0.7514743049705139
0.044000000000000004 0.7514743049705139
0.04800000000000001 0.7514743049705139
0.052000000000000005 0.7514743049705139
0.05600000000000001 0.7514743049705139
0.06 0.7514743049705139
0.064 0.7514743049705139
0.068 0.7514743049705139
0.07200000000000001 0.7514743049705139
0.07600000000000001 0.7514743049705139
0.08 0.7514743049705139
0.084 0.7514743049705139
0.08800000000000001 0.7523167649536647
0.09200000000000001 0.7540016849199663
0.09600000000000002 0.7615838247683235
0.1 0.7700084245998315
0.10400000000000001 0.785172704296546
0.10800000000000001 0.7898062342038753
0.11200000000000002 0.7750631844987363
0.11600000000000002 0.7784330244313395
0.12 0.24400234055002926
0.124 0.24049151550614395
0.128 0.17062634989200864
0.132 0.29922279792746115
0.136 0.3905511811023622
0.14 NaN
0.14400000000000002 NaN
0.14800000000000002 NaN
0.15200000000000002 NaN
0.15600000000000003 NaN
0.16 NaN
0.16400000000000003 NaN
0.168 NaN
0.172 NaN
0.17600000000000002 NaN
0.18 NaN
0.18400000000000002 NaN
0.188 NaN
0.19200000000000003 NaN
0.196 NaN
0.2 NaN
0.20400000000000001 NaN
0.20800000000000002 NaN
0.21200000000000002 NaN
0.21600000000000003 NaN
0.22 NaN
0.22400000000000003 NaN
0.228 NaN
0.23200000000000004 NaN
0.23600000000000002 NaN
0.24 NaN
0.24400000000000002 NaN
0.248 NaN
0.252 NaN
0.256 NaN
0.26 NaN
0.264 NaN
0.268 NaN
0.272 NaN
0.276 NaN
0.28 NaN
0.28400000000000003 NaN
0.28800000000000003 NaN
0.29200000000000004 NaN
0.29600000000000004 NaN
0.3 NaN
0.30400000000000005 NaN
0.308 NaN
0.31200000000000006 NaN
0.316 NaN
0.32 NaN
0.324 NaN
0.32800000000000007 NaN
0.332 NaN
0.336 NaN
0.34 NaN
0.344 NaN
0.34800000000000003 NaN
0.35200000000000004 NaN
0.35600000000000004 NaN
0.36 NaN
0.364 NaN
0.36800000000000005 NaN
0.37200000000000005 NaN
0.376 NaN
0.38 NaN
0.38400000000000006 NaN
0.38800000000000007 NaN
0.392 NaN
0.396 NaN
0.4 NaN
0.2 best_threshold: 0.10800000000000001 best_accuracy: 0.7898062342038753
