init
0.004 0.7514743049705139
0.008 0.7514743049705139
0.012000000000000002 0.7514743049705139
0.016 0.7514743049705139
0.02 0.7514743049705139
0.024000000000000004 0.7514743049705139
0.028000000000000004 0.7514743049705139
0.032 0.7514743049705139
0.036000000000000004 0.7514743049705139
0.04 0.7514743049705139
0.044000000000000004 0.7514743049705139
0.04800000000000001 0.7514743049705139
0.052000000000000005 0.7514743049705139
0.05600000000000001 0.7514743049705139
0.06 0.7514743049705139
0.064 0.7514743049705139
0.068 0.7514743049705139
0.07200000000000001 0.7514743049705139
0.07600000000000001 0.7514743049705139
0.08 0.7514743049705139
0.084 0.7514743049705139
0.08800000000000001 0.7514743049705139
0.09200000000000001 0.7514743049705139
0.09600000000000002 0.7514743049705139
0.1 0.7514743049705139
0.10400000000000001 0.7514743049705139
0.10800000000000001 0.7514743049705139
0.11200000000000002 0.7514743049705139
0.11600000000000002 0.7514743049705139
0.12 0.7514743049705139
0.124 0.7514743049705139
0.128 0.7514743049705139
0.132 0.7514743049705139
0.136 0.7514743049705139
0.14 0.7514743049705139
0.14400000000000002 0.7514743049705139
0.14800000000000002 0.7514743049705139
0.15200000000000002 0.7514743049705139
0.15600000000000003 0.7514743049705139
0.16 0.7514743049705139
0.16400000000000003 0.7514743049705139
0.168 0.7514743049705139
0.172 0.7514743049705139
0.17600000000000002 0.7514743049705139
0.18 0.7514743049705139
0.18400000000000002 0.7514743049705139
0.188 0.7514743049705139
0.19200000000000003 0.7514743049705139
0.196 0.7514743049705139
0.2 0.7514743049705139
0.20400000000000001 0.7514743049705139
0.20800000000000002 0.7514743049705139
0.21200000000000002 0.7514743049705139
0.21600000000000003 0.7514743049705139
0.22 0.7514743049705139
0.22400000000000003 0.7514743049705139
0.228 0.7514743049705139
0.23200000000000004 0.7514743049705139
0.23600000000000002 0.7514743049705139
0.24 0.7514743049705139
0.24400000000000002 0.7514743049705139
0.248 0.7514743049705139
0.252 0.7514743049705139
0.256 0.7514743049705139
0.26 0.7514743049705139
0.264 0.7514743049705139
0.268 0.7514743049705139
0.272 0.7514743049705139
0.276 0.7514743049705139
0.28 0.7514743049705139
0.28400000000000003 0.7514743049705139
0.28800000000000003 0.7514743049705139
0.29200000000000004 0.7514743049705139
0.29600000000000004 0.7514743049705139
0.3 0.7514743049705139
0.30400000000000005 0.7514743049705139
0.308 0.7514743049705139
0.31200000000000006 0.7514743049705139
0.316 0.7514743049705139
0.32 0.7514743049705139
0.324 0.7514743049705139
0.32800000000000007 0.7514743049705139
0.332 0.7514743049705139
0.336 0.7514743049705139
0.34 0.7514743049705139
0.344 0.7514743049705139
0.34800000000000003 0.7514743049705139
0.35200000000000004 0.7514743049705139
0.35600000000000004 0.7514743049705139
0.36 0.7514743049705139
0.364 0.7514743049705139
0.36800000000000005 0.7514743049705139
0.37200000000000005 0.7514743049705139
0.376 0.7514743049705139
0.38 0.7514743049705139
0.38400000000000006 0.7514743049705139
0.38800000000000007 0.7514743049705139
0.392 0.7514743049705139
0.396 0.7514743049705139
0.4 0.7514743049705139
0.2 best_threshold: 0.004 best_accuracy: 0.7514743049705139
