0.004 0.7267253358036128
0.008 0.7267253358036128
0.012000000000000002 0.7267253358036128
0.016 0.7267253358036128
0.02 0.7267253358036128
0.024000000000000004 0.7267253358036128
0.028000000000000004 0.7267253358036128
0.032 0.7267253358036128
0.036000000000000004 0.7267253358036128
0.04 0.7267253358036128
0.044000000000000004 0.7267253358036128
0.04800000000000001 0.7267253358036128
0.052000000000000005 0.7267253358036128
0.05600000000000001 0.7267253358036128
0.06 0.7267253358036128
0.064 0.7267253358036128
0.068 0.7267253358036128
0.07200000000000001 0.7267253358036128
0.07600000000000001 0.7267253358036128
0.08 0.7267253358036128
0.084 0.7267253358036128
0.08800000000000001 0.7267253358036128
0.09200000000000001 0.7267253358036128
0.09600000000000002 0.7281148679944419
0.1 0.7318202871699862
0.10400000000000001 0.7327466419638722
0.10800000000000001 0.7378415933302455
0.11200000000000002 0.7401574803149606
0.11600000000000002 0.7433997220935619
0.12 0.7480314960629921
0.124 0.7489578508568782
0.128 0.7508105604446503
0.132 0.7517369152385364
0.136 0.7549791570171376
0.14 0.761926817971283
0.14400000000000002 0.8990273274664197
0.14800000000000002 0.9170912459471978
0.15200000000000002 0.9203334877257989
0.15600000000000003 0.9212598425196851
0.16 0.9240389069013432
0.16400000000000003 0.9272811486799444
0.168 0.9282075034738305
0.172 0.9300602130616026
0.17600000000000002 0.9319129226493748
0.18 0.9323761000463178
0.18400000000000002 0.9323761000463178
0.188 0.9346919870310328
0.19200000000000003 0.9351551644279759
0.196 0.9351551644279759
0.2 0.9351551644279759
0.20400000000000001 0.937007874015748
0.20800000000000002 0.937007874015748
0.21200000000000002 0.9383974062065771
0.21600000000000003 0.9397869383974062
0.22 0.9411764705882353
0.22400000000000003 0.9430291801760075
0.228 0.9458082445576655
0.23200000000000004 0.9485873089393237
0.23600000000000002 0.9509031959240389
0.24 0.951829550717925
0.24400000000000002 0.9541454377026402
0.248 0.9578508568781844
0.252 0.9601667438628995
0.256 0.9629458082445577
0.26 0.9652616952292729
0.264 0.9666512274201019
0.268 0.9675775822139879
0.272 0.9694302918017601
0.276 0.9698934691987031
0.28 0.9708198239925891
0.28400000000000003 0.9685598377281948
0.28800000000000003 0.34429992348890587
0.29200000000000004 0.342769701606733
0.29600000000000004 0.5440414507772021
0.3 0.5422626788036411
