0.004 0.7514743049705139
0.008 0.7514743049705139
0.012000000000000002 0.7514743049705139
0.016 0.7514743049705139
0.02 0.7514743049705139
0.024000000000000004 0.7514743049705139
0.028000000000000004 0.7514743049705139
0.032 0.7514743049705139
0.036000000000000004 0.7514743049705139
0.04 0.7514743049705139
0.044000000000000004 0.7514743049705139
0.04800000000000001 0.7514743049705139
0.052000000000000005 0.7514743049705139
0.05600000000000001 0.7514743049705139
0.06 0.7514743049705139
0.064 0.7514743049705139
0.068 0.7514743049705139
0.07200000000000001 0.7514743049705139
0.07600000000000001 0.7514743049705139
0.08 0.7514743049705139
0.084 0.7514743049705139
0.08800000000000001 0.7514743049705139
0.09200000000000001 0.7514743049705139
0.09600000000000002 0.7527379949452401
0.1 0.7561078348778433
0.10400000000000001 0.7565290648694187
0.10800000000000001 0.7502106149957877
0.11200000000000002 0.7468407750631845
0.11600000000000002 0.7485256950294861
0.12 0.7518955349620893
0.124 0.7527379949452401
0.128 0.7493681550126369
0.132 0.7451558550968829
0.136 0.7481044650379107
0.14 0.7544229149115417
0.14400000000000002 0.8791069924178602
0.14800000000000002 0.8955349620893007
0.15200000000000002 0.8984835720303286
0.15600000000000003 0.8993260320134794
0.16 0.9014321819713563
0.16400000000000003 0.9039595619208087
0.168 0.9048020219039595
0.172 0.9064869418702611
0.17600000000000002 0.9081718618365627
0.18 0.9085930918281382
0.18400000000000002 0.9085930918281382
0.188 0.9106992417860151
0.19200000000000003 0.9106992417860151
0.196 0.9106992417860151
0.2 0.9106992417860151
0.20400000000000001 0.9123841617523167
0.20800000000000002 0.9115417017691659
0.21200000000000002 0.9128053917438922
0.21600000000000003 0.9140690817186183
0.22 0.9106992417860151
0.22400000000000003 0.9085930918281382
0.228 0.9111204717775906
0.23200000000000004 0.9132266217354675
0.23600000000000002 0.9153327716933446
0.24 0.9161752316764954
0.24400000000000002 0.917860151642797
0.248 0.9212299915754002
0.252 0.9224936815501263
0.256 0.9250210614995787
0.26 0.9271272114574558
0.264 0.928390901432182
0.268 0.9254422914911542
0.272 0.9271272114574558
0.276 0.9275484414490311
0.28 0.928390901432182
0.28400000000000003 0.9227251943301326
0.28800000000000003 0.29632063074901444
0.29200000000000004 0.29500657030223393
0.29600000000000004 0.5440414507772021
0.3 0.5422626788036411
