init
0.01 0.10695187165775401
0.02 0.10695187165775401
0.03 0.10695187165775401
0.04 0.10695187165775401
0.05 0.10695187165775401
0.06 0.10695187165775401
0.07 0.10695187165775401
0.08 0.10695187165775401
0.09 0.10695187165775401
0.1 0.10695187165775401
0.11 0.10695187165775401
0.12 0.10695187165775401
0.13 0.10695187165775401
0.14 0.10695187165775401
0.15 0.10695187165775401
0.16 0.10695187165775401
0.17 0.10695187165775401
0.18 0.10695187165775401
0.19 0.10695187165775401
0.2 0.10695187165775401
0.21 0.10695187165775401
0.22 0.10695187165775401
0.23 0.10695187165775401
0.24 0.10695187165775401
0.25 0.10695187165775401
0.26 0.10695187165775401
0.27 0.10695187165775401
0.28 0.10695187165775401
0.29 0.10695187165775401
0.3 0.10695187165775401
0.31 0.10695187165775401
0.32 0.10695187165775401
0.33 0.10695187165775401
0.34 0.10695187165775401
0.35 0.10695187165775401
0.36 0.10695187165775401
0.37 0.10695187165775401
0.38 0.10695187165775401
0.39 0.10695187165775401
0.4 0.10695187165775401
0.41 0.10695187165775401
0.42 0.10695187165775401
0.43 0.10695187165775401
0.44 0.10695187165775401
0.45 0.10695187165775401
0.46 0.10695187165775401
0.47 0.10695187165775401
0.48 0.10695187165775401
0.49 0.10695187165775401
0.5 0.10695187165775401
0.51 0.10695187165775401
0.52 0.10695187165775401
0.53 0.10695187165775401
0.54 0.10695187165775401
0.55 0.10695187165775401
0.56 0.10695187165775401
0.57 0.10695187165775401
0.58 0.10695187165775401
0.59 0.10695187165775401
0.6 0.10695187165775401
0.61 0.10695187165775401
0.62 0.10695187165775401
0.63 0.10695187165775401
0.64 0.10695187165775401
0.65 0.10695187165775401
0.66 0.10695187165775401
0.67 0.10695187165775401
0.68 0.10695187165775401
0.69 0.10695187165775401
0.7 0.13903743315508021
0.71 0.25133689839572193
0.72 0.3422459893048128
0.73 0.43315508021390375
0.74 0.48128342245989303
0.75 0.5240641711229946
0.76 0.5508021390374331
0.77 0.5721925133689839
0.78 0.6096256684491979
0.79 0.6844919786096256
0.8 0.7165775401069518
0.81 0.7700534759358288
0.82 0.8181818181818182
0.83 0.9251336898395722
0.84 0.9786096256684492
0.85 0.9037433155080213
0.86 0
0.87 0
0.88 0
0.89 0
0.9 0
0.91 0
0.92 0
0.93 0
0.94 0
0.95 0
0.96 0
0.97 0
0.98 0
0.99 0
1.0 0
0.2 best_threshold: 0.84 best_accuracy: 0.9786096256684492
