init
0 5
900000 5
1800000 6
2700000 2
3600000 1
4500000 2
5400000 0
6300000 1
7200000 2
8100000 1
9000000 3
9900000 1
10800000 1
11700000 9
12600000 1
13500000 2
14400000 2
15300000 1
16200000 2
17100000 3
18000000 2
18900000 1
19800000 3
20700000 4
21600000 5
22500000 3
23400000 1
24300000 3
25200000 5
26100000 3
27000000 14
27900000 1
28800000 1
29700000 1
30600000 1
31500000 1
32400000 2
33300000 2
34200000 2
35100000 1
36000000 2
36900000 0
37800000 2
38700000 1
39600000 2
40500000 1
41400000 1
42300000 0
43200000 0
44100000 0
45000000 0
45900000 0
46800000 3
47700000 3
48600000 1
49500000 0
50400000 2
51300000 1
52200000 2
53100000 2
54000000 4
54900000 2
55800000 2
56700000 1
57600000 1
58500000 2
59400000 0
60300000 6
61200000 2
62100000 0
63000000 1
63900000 2
64800000 2
65700000 2
66600000 2
67500000 3
68400000 2
69300000 1
70200000 5
71100000 3
72000000 2
72900000 1
73800000 0
74700000 1
75600000 2
76500000 1
77400000 2
78300000 2
79200000 1
80100000 0
81000000 0
81900000 0
82800000 1
83700000 1
84600000 1
85500000 0
