0 4
900000 2
1800000 3
2700000 25
3600000 1
4500000 1
5400000 2
6300000 1
7200000 2
8100000 2
9000000 2
9900000 1
10800000 1
11700000 59
12600000 2
13500000 1
14400000 1
15300000 2
16200000 1
17100000 2
18000000 1
18900000 1
19800000 2
20700000 34
21600000 16
22500000 22
23400000 1
24300000 2
25200000 62
26100000 16
27000000 131
27900000 1
28800000 4
29700000 1
30600000 1
31500000 2
32400000 1
33300000 1
34200000 2
35100000 1
36000000 2
36900000 1
37800000 1
38700000 2
39600000 1
40500000 2
41400000 1
42300000 1
43200000 0
44100000 0
45000000 0
45900000 0
46800000 2
47700000 1
48600000 1
49500000 3
50400000 1
51300000 1
52200000 2
53100000 1
54000000 1
54900000 2
55800000 1
56700000 2
57600000 1
58500000 1
59400000 2
60300000 1
61200000 2
62100000 1
63000000 3
63900000 3
64800000 1
65700000 2
66600000 1
67500000 1
68400000 2
69300000 1
70200000 1
71100000 2
72000000 1
72900000 2
73800000 1
74700000 1
75600000 2
76500000 1
77400000 2
78300000 1
79200000 1
80100000 2
81000000 1
81900000 1
82800000 4
83700000 1
84600000 1
85500000 1
