0 4
900000 2
1800000 4
2700000 2
3600000 1
4500000 2
5400000 1
6300000 2
7200000 1
8100000 1
9000000 2
9900000 1
10800000 2
11700000 1
12600000 1
13500000 2
14400000 1
15300000 1
16200000 2
17100000 1
18000000 2
18900000 1
19800000 1
20700000 2
21600000 1
22500000 2
23400000 1
24300000 1
25200000 2
26100000 1
27000000 1
27900000 2
28800000 1
29700000 2
30600000 1
31500000 4
32400000 2
33300000 4
34200000 1
35100000 2
36000000 1
36900000 2
37800000 1
38700000 1
39600000 2
40500000 1
41400000 1
42300000 1
43200000 0
44100000 0
45000000 0
45900000 0
46800000 1
47700000 2
48600000 1
49500000 4
50400000 2
51300000 1
52200000 1
53100000 2
54000000 1
54900000 1
55800000 2
56700000 1
57600000 2
58500000 1
59400000 1
60300000 2
61200000 1
62100000 2
63000000 1
63900000 1
64800000 2
65700000 1
66600000 1
67500000 2
68400000 1
69300000 2
70200000 1
71100000 1
72000000 2
72900000 1
73800000 2
74700000 1
75600000 1
76500000 2
77400000 1
78300000 1
79200000 2
80100000 1
81000000 2
81900000 1
82800000 1
83700000 2
84600000 1
85500000 1
